id_inventario|id_producto|id_almacen|id_anaquel|stock|stock_reorden|stock_critico|stock_maximo|fecha_actualizacion
64|64|1|64|10|5|2|50|2026-08-11
65|65|1|65|10|5|2|50|2026-08-11
66|66|1|66|10|5|2|50|2026-08-11
67|67|1|67|10|5|2|50|2026-08-11
68|68|1|68|10|5|2|50|2026-08-11
69|69|1|69|10|5|2|50|2026-08-11
70|70|1|70|10|5|2|50|2026-08-11
71|71|1|71|10|5|2|50|2026-08-11
72|72|1|72|10|5|2|50|2026-08-11
73|73|1|73|10|5|2|50|2026-08-11
63|53|1|63|10|5|2|50|2026-08-11
1|1|1|1|45|10|5|100|2026-08-11
74|1|2|74|0|10|5|100|2026-08-11
2|2|1|2|200|50|20|500|2026-08-11
13|3|1|13|12|5|2|30|2026-08-11
14|4|2|14|95|30|12|220|2026-08-11
15|5|3|15|48|15|6|120|2026-08-11
16|6|4|16|37|12|5|90|2026-08-11
17|7|5|17|16|8|3|45|2026-08-11
18|8|6|18|14|7|3|40|2026-08-11
19|9|7|19|28|10|4|70|2026-08-11
20|10|8|20|76|25|10|180|2026-08-11
21|11|9|21|32|12|5|80|2026-08-11
22|12|10|22|44|20|8|100|2026-08-11
23|13|11|23|68|25|10|140|2026-08-11
24|14|1|24|53|20|8|120|2026-08-11
25|15|2|25|21|10|4|55|2026-08-11
26|16|3|26|30|12|5|75|2026-08-11
27|17|4|27|17|8|3|45|2026-08-11
28|18|5|28|11|6|2|35|2026-08-11
29|19|6|29|24|10|4|60|2026-08-11
30|20|7|30|13|8|3|40|2026-08-11
31|21|8|31|81|30|12|180|2026-08-11
32|22|9|32|39|15|6|90|2026-08-11
33|23|10|33|46|15|6|110|2026-08-11
34|24|11|34|62|20|8|140|2026-08-11
35|25|1|35|19|8|3|50|2026-08-11
36|26|2|36|22|9|4|55|2026-08-11
37|27|3|37|88|25|10|200|2026-08-11
38|28|1|38|10|5|2|50|2026-08-11
39|29|1|39|10|5|2|50|2026-08-11
40|30|1|40|10|5|2|50|2026-08-11
41|31|1|41|10|5|2|50|2026-08-11
42|32|1|42|10|5|2|50|2026-08-11
43|33|1|43|10|5|2|50|2026-08-11
44|34|1|44|10|5|2|50|2026-08-11
45|35|1|45|10|5|2|50|2026-08-11
46|36|1|46|10|5|2|50|2026-08-11
47|37|1|47|10|5|2|50|2026-08-11
48|38|1|48|10|5|2|50|2026-08-11
49|39|1|49|10|5|2|50|2026-08-11
50|40|1|50|10|5|2|50|2026-08-11
51|41|1|51|10|5|2|50|2026-08-11
52|42|1|52|10|5|2|50|2026-08-11
53|43|1|53|10|5|2|50|2026-08-11
54|44|1|54|10|5|2|50|2026-08-11
55|45|1|55|10|5|2|50|2026-08-11
56|46|1|56|10|5|2|50|2026-08-11
57|47|1|57|10|5|2|50|2026-08-11
58|48|1|58|10|5|2|50|2026-08-11
59|49|1|59|10|5|2|50|2026-08-11
60|50|1|60|10|5|2|50|2026-08-11
61|51|1|61|10|5|2|50|2026-08-11
62|52|1|62|10|5|2|50|2026-08-11
3|54|2|3|85|20|8|150|2026-08-11
4|55|3|4|14|10|4|50|2026-08-11
75|55|4|75|0|10|4|50|2026-08-11
5|56|4|5|64|15|6|120|2026-08-11
6|57|5|6|0|12|5|40|2026-08-11
7|58|6|7|27|10|4|60|2026-08-11
8|59|7|8|25|12|5|80|2026-08-11
76|59|8|76|0|12|5|80|2026-08-11
9|60|8|9|42|18|7|100|2026-08-11
10|61|9|10|55|20|8|120|2026-08-11
11|62|10|11|75|25|10|160|2026-08-11
12|63|11|12|40.00|20|8|100|2026-08-17
77|63|2|77|9|20|8|100|2026-08-11
78|74|1|1|93|20|10|300|2026-08-11
79|74|2|3|50|20|10|300|2026-08-11
