id_precio|id_producto|id_lista_precio|precio_costo|precio_venta|margen_ganancia|fecha_inicio|fecha_fin
64|64|1|2735|3599|31.59|2026-07-13|
65|65|1|5890|7999|35.81|2026-07-14|
66|66|1|1400|1999|42.79|2026-07-15|
67|67|1|940|1399|48.83|2026-07-16|
68|68|1|75|149|98.67|2026-07-17|
69|69|1|13015|16999|30.61|2026-07-18|
70|70|1|184|299|62.5|2026-07-19|
71|71|1|1525|2199|44.2|2026-07-20|
72|72|1|1630|2299|41.04|2026-07-21|
73|73|1|209|329|57.42|2026-07-22|
3|53|1|650|899|38.31|2024-01-28|
1|1|1|5000|7500|50|2024-01-01|
2|2|1|15|45|200|2024-01-01|
14|3|1|12500|16499|31.99|2026-07-11|
15|4|1|28|62|121.43|2026-07-11|
16|5|1|145|249|71.72|2026-07-11|
17|6|1|310|499|60.97|2026-07-11|
18|7|1|620|899|45|2026-07-11|
19|8|1|780|1149|47.31|2026-07-11|
20|9|1|890|1399|57.19|2026-07-11|
21|10|1|95|169|77.89|2026-07-11|
22|11|1|540|849|57.22|2026-07-11|
23|12|1|65|119|83.08|2026-07-11|
24|13|1|32|68|112.5|2026-07-11|
25|14|1|48|89|85.42|2026-07-11|
26|15|1|720|1099|52.64|2026-07-11|
27|16|1|330|549|66.36|2026-07-11|
28|17|1|510|799|56.67|2026-07-11|
29|18|1|1450|2099|44.76|2026-07-11|
30|19|1|2100|2999|42.81|2026-07-11|
31|20|1|1850|2699|45.89|2026-07-11|
32|21|1|35|72|105.71|2026-07-11|
33|22|1|92|159|72.83|2026-07-11|
34|23|1|110|199|80.91|2026-07-11|
35|24|1|75|129|72|2026-07-11|
36|25|1|460|749|62.83|2026-07-11|
37|26|1|390|629|61.28|2026-07-11|
38|27|1|58|109|87.93|2026-07-11|
39|28|1|95|169|77.89|2026-07-12|
40|29|1|980|1499|52.96|2026-07-12|
41|30|1|38|75|97.37|2026-07-12|
42|31|1|46|79|71.74|2026-07-12|
43|32|1|180|299|66.11|2026-07-12|
44|33|1|420|699|66.43|2026-07-12|
45|34|1|510|799|56.67|2026-07-12|
46|35|1|390|649|66.41|2026-07-12|
47|36|1|85|149|75.29|2026-07-12|
48|37|1|2850|4199|47.33|2026-07-12|
49|38|1|72|135|87.5|2026-07-12|
50|39|1|340|549|61.47|2026-07-12|
51|40|1|190|329|73.16|2026-07-12|
52|41|1|620|999|61.13|2026-07-12|
53|42|1|480|749|56.04|2026-07-12|
54|43|1|1150|1699|47.74|2026-07-12|
55|44|1|520|849|63.27|2026-07-12|
56|45|1|260|449|72.69|2026-07-12|
57|46|1|88|165|87.5|2026-07-12|
58|47|1|54|95|75.93|2026-07-12|
59|48|1|155|269|73.55|2026-07-12|
60|49|1|175|299|70.86|2026-07-12|
61|50|1|310|529|70.65|2026-07-12|
62|51|1|590|949|60.85|2026-07-12|
63|52|1|420|699|66.43|2026-07-12|
4|54|1|38|55|44.74|2026-07-01|
5|55|1|185|269|45.41|2026-07-02|
6|56|1|42|68|61.9|2026-07-03|
7|57|1|145|219|51.03|2026-07-04|
8|58|1|210|329|56.67|2026-07-05|
9|59|1|260|399|53.46|2026-07-06|
10|60|1|175|249|42.29|2026-07-07|
11|61|1|98|149|52.04|2026-07-08|
12|62|1|52|78|50|2026-07-09|
13|63|1|31|49|58.06|2026-07-10|
74|74|1|3|6.96|132|2026-08-08|
